    1008.8       300.79647        19.34700
      78.1       301.08158        18.38612        0.0        0.0
     532.3       301.78126        17.37008        0.0        0.0
    1006.1       303.94290        15.33383        0.0        0.0
    1501.9       306.23800        13.10296        0.0        0.0
    2022.6       308.96976        10.97900        0.0        0.0
    2571.5       311.94001         9.16082        0.0        0.0
    3768.0       317.49600         6.25059        0.0        0.0
    5125.4       323.85852         3.97812        0.0        0.0
    6708.0       332.06372         2.23408        0.0        0.0
    8612.3       340.72867         0.92258        0.0        0.0
   11012.2       348.13463         0.22067        0.0        0.0
   12503.4       351.07131         0.07086        0.0        0.0
   14303.7       355.06267         0.01618        0.0        0.0
   16658.6       373.79835         0.00340        0.0        0.0
   20724.8       490.76023         0.00269        0.0        0.0
   23905.7       590.29440         0.00259        0.0        0.0
   26510.5       680.07679         0.00000        0.0        0.0
   31103.7       859.00999         0.00000        0.0        0.0
