    1009.1       300.05702        18.72613
      80.9       300.35247        17.90939        0.0        0.0
     533.9       301.15841        16.85275        0.0        0.0
    1006.5       303.29238        14.85651        0.0        0.0
    1501.2       305.58333        12.73839        0.0        0.0
    2020.6       308.31002        10.72579        0.0        0.0
    2568.3       311.25637         9.03417        0.0        0.0
    3762.1       316.75999         6.30574        0.0        0.0
    5116.9       323.33277         4.11656        0.0        0.0
    6697.0       331.48704         2.33104        0.0        0.0
    8597.5       339.96605         0.96418        0.0        0.0
   10990.9       346.96761         0.22203        0.0        0.0
   12476.6       349.70751         0.06791        0.0        0.0
   14270.3       353.89890         0.01487        0.0        0.0
   16619.8       373.80020         0.00313        0.0        0.0
   20689.8       489.99765         0.00268        0.0        0.0
   23866.1       589.73825         0.00261        0.0        0.0
   26470.4       680.39738         0.00000        0.0        0.0
   31068.2       859.86002         0.00000        0.0        0.0
