    1010.9       299.20047        17.98960
      95.8       299.55478        17.01801        0.0        0.0
     547.1       300.33325        15.79577        0.0        0.0
    1017.9       302.31454        13.71337        0.0        0.0
    1510.6       304.65159        11.49518        0.0        0.0
    2028.3       307.69953         9.06772        0.0        0.0
    2574.6       310.96875         7.12639        0.0        0.0
    3766.7       316.92232         4.58148        0.0        0.0
    5121.6       323.43930         2.77895        0.0        0.0
    6699.7       331.04439         1.50098        0.0        0.0
    8595.5       338.96760         0.63021        0.0        0.0
   10981.5       346.20439         0.15774        0.0        0.0
   12465.5       349.74648         0.05054        0.0        0.0
   14261.3       354.62181         0.01228        0.0        0.0
   16614.7       372.30231         0.00276        0.0        0.0
   20647.0       488.67257         0.00000        0.0        0.0
   23820.0       589.45994         0.00000        0.0        0.0
   26422.6       679.78206         0.00000        0.0        0.0
   31011.5       857.04034         0.00000        0.0        0.0
